1900  1   1   1900 1 1
1900  1   1   1900 1 1
1900  1   1   1900 1 1
1900  1   1   1900 1 1
1900  1   1   1900 1 1
1900  1   1   1900 1 1
1900  1   1   1900 1 1
1900  1   1   1900 1 1
1900  1   1   1900 1 1
1900  1   1   1900 1 1
1900  1   1   1900 1 1
1900  1   1   1900 1 1
1900  1   1   1900 1 1
1900  1   1   1900 1 1
1900  1   1   1900 1 1
1900  1   1   1900 1 1
1900  1   1   1900 1 1
1900  1   1   1900 1 1
1900  1   1   1900 1 1
1900  1   1   1900 1 1
1900  1   1   1900 1 1
